task1_precision:0.6862745098039216
task1_recall:0.5276381909547738
task1_f1:0.5965909090909091
