task1_precision:0.6339285714285714
task1_recall:0.35678391959798994
task1_f1:0.4565916398713826
