task1_precision:0.5058823529411764
task1_recall:0.21608040201005024
task1_f1:0.3028169014084507
