task1_precision:0.6666666666666666
task1_recall:0.4623115577889447
task1_f1:0.5459940652818991
