task1_precision:0.6242424242424243
task1_recall:0.5175879396984925
task1_f1:0.5659340659340659
