task1_precision:0.5577889447236181
task1_recall:0.5577889447236181
task1_f1:0.5577889447236181
