task1_precision:0.6535947712418301
task1_recall:0.5025125628140703
task1_f1:0.5681818181818182
