task1_precision:0.6602564102564102
task1_recall:0.5175879396984925
task1_f1:0.5802816901408451
