task1_precision:0.5579399141630901
task1_recall:0.6532663316582915
task1_f1:0.6018518518518519
