task1_precision:0.6824324324324325
task1_recall:0.507537688442211
task1_f1:0.5821325648414986
