task1_precision:0.49823321554770317
task1_recall:0.7085427135678392
task1_f1:0.5850622406639004
