task1_precision:0.6363636363636364
task1_recall:0.49246231155778897
task1_f1:0.5552407932011332
