task1_precision:0.6518518518518519
task1_recall:0.44221105527638194
task1_f1:0.5269461077844312
