task1_precision:0.5798816568047337
task1_recall:0.49246231155778897
task1_f1:0.532608695652174
