task1_precision:0.43309859154929575
task1_recall:0.6180904522613065
task1_f1:0.5093167701863354
