task1_precision:0.621301775147929
task1_recall:0.5276381909547738
task1_f1:0.5706521739130435
