task1_precision:0.6477987421383647
task1_recall:0.5175879396984925
task1_f1:0.5754189944134078
