task1_precision:0.6756756756756757
task1_recall:0.5025125628140703
task1_f1:0.5763688760806917
