task1_precision:0.6459627329192547
task1_recall:0.5226130653266332
task1_f1:0.5777777777777777
