task1_precision:0.6385542168674698
task1_recall:0.5326633165829145
task1_f1:0.5808219178082191
