task1_precision:0.5851851851851851
task1_recall:0.3969849246231156
task1_f1:0.47305389221556887
