task1_precision:0.6158940397350994
task1_recall:0.46733668341708545
task1_f1:0.5314285714285715
