task1_precision:0.639751552795031
task1_recall:0.5175879396984925
task1_f1:0.5722222222222222
