task1_precision:0.5704697986577181
task1_recall:0.4271356783919598
task1_f1:0.4885057471264368
