task1_precision:0.6048387096774194
task1_recall:0.3768844221105528
task1_f1:0.46439628482972134
